10
10
8 83 12 15 98 9 45 38 33 93 87 38 13 44 6 25 62 95 28 73 33 64 71 38
45 53 93 67 63 54 19 44 30 22 29 99 86 47 87 32 6 21 58 53 77 84 48 33
7 40 74 55 77 18 35 80 24 5 8 85 7 54 67 37 75 41 95 99 93 86 88 99
35 53 39 69 46 9 83 30 3 26 27 35 36 76 69 33 38 57 98 57 65 77 99 40
93 80 84 78 53 89 39 16 53 78 13 20 63 72 36 48 81 32 25 31 97 69 37 72
7 24 5 55 64 17 33 80 13 14 68 66 43 80 66 78 2 47 15 51 31 24 41 18
11 70 49 46 10 49 71 17 92 6 90 14 9 9 9 79 57 97 91 20 24 49 67 23
53 23 86 23 20 97 98 40 41 89 27 81 18 11 24 81 16 76 93 7 83 4 69 38
31 99 84 39 25 58 41 44 78 25 88 89 48 24 55 56 82 73 69 5 61 34 93 35
40 3 2 86 50 61 30 34 95 6 78 21 47 5 47 48 50 81 25 37 64 26 28 72
