10
10
45 61 131 61 137 135 14 162 53 136 160 60 149 74 154 22 41 68 95 66 167 31 30 28 155 146 71 120 104 194
166 64 177 193 133 190 33 9 116 11 168 117 52 114 30 85 10 139 154 45 55 23 92 88 43 197 17 182 25 72 
12 7 78 157 121 43 3 180 133 16 34 178 57 126 142 176 54 58 107 165 130 5 84 19 184 153 155 40 142 39 
179 123 152 0 25 40 49 30 129 2 106 110 69 188 11 109 176 156 167 132 1 157 76 177 123 40 47 51 41 182 
110 82 119 37 103 160 35 180 47 128 51 12 156 18 64 125 27 136 111 146 150 0 144 66 173 117 24 92 69 28 
177 174 14 89 34 50 127 140 33 14 132 28 76 142 127 141 191 64 45 81 143 132 111 177 125 174 152 182 199 193 
191 56 160 130 114 177 16 22 170 15 6 81 102 189 129 76 96 22 150 138 172 29 68 55 134 131 139 30 2 149 
163 125 191 138 193 151 69 14 132 118 70 102 30 10 49 169 46 107 105 14 26 7 52 72 105 112 119 163 119 149 
127 129 49 171 2 198 32 88 156 100 147 165 126 100 165 189 72 138 142 86 63 19 30 130 162 6 147 34 6 92 
107 152 34 77 37 8 85 49 170 91 146 87 66 135 141 37 8 134 104 77 39 192 103 160 86 40 98 147 110 121 