100
108
0 0 0 1 1
0 1 0 2 1
0 2 0 3 1
0 3 0 4 1
0 4 0 5 1
0 5 0 6 1
0 6 0 7 1
0 7 0 8 1
0 8 0 9 1
0 9 0 0 1
1 0 1 1 1
1 1 1 2 2
1 2 1 3 3
1 3 1 4 4
1 4 1 5 5
1 5 1 6 6
1 6 1 7 7
1 7 1 8 8
1 8 1 9 9
1 9 1 0 10
2 0 2 1 1
2 1 2 2 3
2 2 2 3 5
2 3 2 4 7
2 4 2 5 9
2 5 2 6 11
2 6 2 7 13
2 7 2 8 15
2 8 2 9 17
2 9 2 0 19
3 0 3 1 1
3 1 3 2 4
3 2 3 3 7
3 3 3 4 10
3 4 3 5 13
3 5 3 6 16
3 6 3 7 19
3 7 3 8 22
3 8 3 9 25
3 9 3 0 28
4 0 4 1 1
4 1 4 2 5
4 2 4 3 9
4 3 4 4 13
4 4 4 5 17
4 5 4 6 21
4 6 4 7 25
4 7 4 8 29
4 8 4 9 33
4 9 4 0 37
5 0 5 1 1
5 1 5 2 6
5 2 5 3 11
5 3 5 4 16
5 4 5 5 21
5 5 5 6 26
5 6 5 7 31
5 7 5 8 36
5 8 5 9 41
5 9 5 0 46
6 0 6 1 1
6 1 6 2 7
6 2 6 3 13
6 3 6 4 19
6 4 6 5 25
6 5 6 6 31
6 6 6 7 37
6 7 6 8 43
6 8 6 9 49
6 9 6 0 55
7 0 7 1 1
7 1 7 2 8
7 2 7 3 15
7 3 7 4 22
7 4 7 5 29
7 5 7 6 36
7 6 7 7 43
7 7 7 8 50
7 8 7 9 57
7 9 7 0 64
8 0 8 1 1
8 1 8 2 9
8 2 8 3 17
8 3 8 4 25
8 4 8 5 33
8 5 8 6 41
8 6 8 7 49
8 7 8 8 57
8 8 8 9 65
8 9 8 0 73
9 1 9 2 10
9 3 9 4 28
9 4 9 5 37
9 5 9 6 46
9 6 9 7 55
9 7 9 8 64
9 8 9 9 73
9 9 9 0 82
0 0 1 1 1
1 1 2 2 2
2 2 3 3 3
3 3 4 4 4
4 4 5 5 5
5 5 6 6 6
6 6 7 7 7
7 7 8 8 8
8 8 9 9 9
9 9 0 0 10
